00000000000001000000000000000001
00000000000001000000010000000111
00000000000001000000100000000111
00000000000001000000110000000001
00000000000001000001000000000100
00000000000001000001010000000010
00000000000001000001100000001010
00000000000001000001110000001000
00000000000000001010000000100011
00000000000000001010010000000010
00000000000000001010100010100111
00000000000000001010110010000110
00000000000000011011000100101000
00000000000000011011010101101010
00000000000000010011100110001101
00000000000000100011100000000001
00000000000001001011100000000000
11111111111111111111111111100000
